4 2
3 5
3 50
5 20
5
2 3
1 8
2 5
8
50
Q OVC 1 1 1 519 762
Q OVG 1 2 6 871 2693
Q OVN 1 3 2 482 3077
Q OVG 1 4 4 1392 4589
Q OVN 2 5 7 1861 4258
Q OVC 3 6 3 592 1643
Q OT 3 7 4 1575
Q OVC 3 8 9 1153 2652
Q OVC 4 9 10 927 3771
Q OVG 4 10 6 499 1633
Q OVN 4 11 9 1060 1244
Q ODN 5 12 1 1813 2 19 Y
Q OVC 5 13 7 1271 1020
Q OVN 6 14 7 831 4334
Q OVC 7 15 9 564 594
Q OVC 7 16 2 1446 4898
Q OVC 7 17 5 1624 3286
Q OVC 8 18 2 651 4061
Q OVC 8 19 3 979 526
Q OVC 8 20 5 1075 1963
Q OVC 8 21 9 1919 1371
Q OVN 9 22 5 1773 4658
Q OVC 9 23 10 457 1752
Q OVC 9 24 6 1611 1823
X 10 20
Q OVC 11 25 9 1644 4844
Q OVC 11 26 1 1276 3155
X 11 6
X 12 26
X 12 13
Q ODN 13 27 8 89 2 33 N
X 13 21
Q OVN 14 28 4 168 2473
Q OVN 14 29 10 1989 1145
Q OVC 14 30 2 1548 4481
Q OVN 15 31 2 1607 4863
X 15 30
Q OVC 17 32 3 312 4393
X 17 16
X 17 24
X 17 18
Q OVC 18 33 9 388 2671
Q OT 18 34 9 1836
Q OVN 18 35 10 916 2235
Q OVC 19 36 9 1596 2147
Q OVN 19 37 5 867 3559
Q OVG 20 38 8 1892 4739
X 20 36
X 20 23
X 20 33
