8 4
3 5
4 50
5 20
12
3 5
8 6
1 5
8
250
Q OVN 1 1 2 1886 1323
Q OVC 2 2 3 1591 1508
Q OT 2 3 10 1545
Q OVN 3 4 7 769 4017
Q OVC 4 5 6 1670 1645
Q OVN 4 6 4 617 1190
Q OVC 4 7 4 1183 2834
Q OVC 5 8 1 1786 2971
Q OVN 6 9 4 1110 4674
Q OVC 6 10 4 1581 3709
X 6 2
Q OVN 9 11 5 1373 947
Q OVC 9 12 4 1063 3661
Q OVN 9 13 2 543 4592
Q OVG 10 14 10 195 4827
Q OVN 10 15 1 789 3092
Q OVG 11 16 3 842 3947
Q OVG 11 17 6 1168 1915
Q OVN 11 18 8 1627 1097
Q OVN 12 19 1 1252 1053
Q OVG 12 20 1 586 2267
Q OVN 12 21 1 1939 995
Q OVN 13 22 7 1087 2846
Q OVC 13 23 9 1621 3903
Q OVN 14 24 7 1487 3795
Q OVG 14 25 2 1361 4895
Q OVC 14 26 9 1311 1750
Q OVC 14 27 5 221 3038
Q OVC 14 28 2 1097 2164
Q OVC 14 29 3 1148 3176
Q OVC 14 30 7 1251 1041
Q OVN 15 31 5 1480 4083
Q OVG 15 32 4 168 2502
Q OVC 15 33 2 1943 4059
Q OVG 17 34 2 978 950
X 17 29
Q OVG 18 35 5 1414 1938
Q OVN 18 36 2 75 1624
Q OVC 18 37 1 385 4566
Q OVN 18 38 6 1121 4737
Q OVN 19 39 5 391 3546
Q OVN 19 40 3 1585 2701
Q OVN 20 41 2 1629 740
Q OVN 20 42 6 1702 4017
Q OVG 22 43 5 1122 1023
Q OVC 22 44 5 1508 1131
Q OVC 22 45 8 982 4684
Q OVN 22 46 6 163 4592
Q OVN 22 47 10 391 3512
Q OVN 23 48 3 572 1342
Q OVC 23 49 10 1430 1444
Q OVG 24 50 4 1567 4668
Q OVC 24 51 1 140 600
Q ODG 26 52 4 144 8 33 N
Q OVC 26 53 3 416 789
Q OVC 26 54 9 1694 3935
Q OVN 27 55 4 709 2533
Q OVN 27 56 7 1925 3120
Q OVC 29 57 5 1741 1138
Q OVN 29 58 10 813 1478
Q OVN 31 59 9 1428 931
Q OVN 32 60 3 507 4725
Q OVN 32 61 1 871 1064
Q OVG 32 62 8 1823 2812
Q OT 32 63 5 720
Q OVC 32 64 2 1182 4241
X 32 33
X 32 53
Q OVC 33 65 1 805 2143
Q OVG 33 66 5 1204 2989
Q OVC 34 67 10 546 4300
Q OVG 35 68 6 1261 4541
Q OVC 35 69 4 1550 4977
Q OVN 35 70 4 358 552
Q OVN 36 71 7 98 2408
Q OVG 36 72 9 759 578
Q OVN 38 73 6 52 3582
Q OVN 38 74 5 262 2180
Q OVC 38 75 9 537 3939
Q OVN 38 76 8 172 1666
Q OVC 39 77 5 240 859
Q OVG 39 78 4 1887 4757
Q OVG 39 79 7 1485 3551
Q OVC 39 80 8 1581 1195
Q OVN 39 81 10 245 4640
Q OVN 39 82 3 1355 3730
Q OVG 40 83 2 1262 1010
Q OVG 41 84 7 1406 1570
Q OVN 41 85 4 647 2638
Q OVG 41 86 6 1946 3719
Q OVN 42 87 6 701 4208
Q OVG 42 88 5 528 1111
Q OVC 42 89 4 328 1392
Q ODG 43 90 3 266 3 38 N
Q OVN 43 91 6 882 1489
Q OVG 43 92 9 783 2200
Q OVG 43 93 8 681 4295
Q OVN 44 94 5 1795 1482
Q ODG 44 95 2 372 5 55 Y
Q OVC 45 96 4 1761 3185
Q OVN 45 97 3 236 2533
Q OVG 45 98 6 861 4706
Q OVC 46 99 1 1436 2948
Q ODG 46 100 5 1729 3 11 N
Q OVG 47 101 8 1188 2546
Q OVN 47 102 2 996 1334
Q OVG 47 103 3 298 597
X 47 49
Q OVC 48 104 1 1750 2320
Q OVN 49 105 3 455 3781
Q OVG 49 106 6 1455 1188
Q OVC 49 107 10 1250 2620
Q OVN 49 108 2 94 1028
Q OVN 50 109 4 1898 4132
Q OVN 50 110 3 238 3216
Q OVN 51 111 2 137 4276
Q OVN 51 112 1 394 4048
Q OVN 51 113 7 1066 741
Q OVN 51 114 7 1449 3995
Q OVC 52 115 3 774 2258
Q OVN 52 116 3 613 2792
X 52 44
Q OVG 53 117 8 1859 1717
Q OVN 53 118 1 1307 2513
Q OVN 53 119 5 1071 3875
Q OVG 54 120 9 1031 999
Q ODG 54 121 2 622 7 18 N
Q OVG 54 122 4 1366 4807
X 54 89
Q OVN 55 123 4 1341 4953
Q OT 56 124 1 833
Q OVG 56 125 6 1032 4960
Q ODN 56 126 8 754 6 34 N
Q ODG 56 127 3 103 6 48 Y
Q OVG 57 128 1 1884 2801
Q OVN 57 129 1 1706 4364
Q OVG 57 130 9 782 2406
Q OVN 58 131 3 255 2530
Q OVG 58 132 4 595 4871
Q OVG 58 133 1 1614 2297
Q OVG 58 134 10 1783 3681
Q OVG 59 135 6 1965 1923
Q OVC 59 136 3 534 3105
Q OVC 60 137 6 1921 731
Q OVN 60 138 6 1990 1664
X 60 104
X 60 96
Q OVC 61 139 10 1992 2042
Q OVC 62 140 8 1160 3031
Q OVC 62 141 3 1054 810
Q OVG 62 142 2 165 2405
Q OVN 62 143 10 498 663
Q OVC 62 144 9 1028 505
X 62 136
Q OVN 63 145 6 1929 2150
Q ODN 64 146 3 747 3 30 Y
Q OVN 64 147 1 352 1660
Q OT 64 148 2 1783
Q OVN 65 149 9 1812 3489
Q OVN 65 150 2 815 3740
Q OVG 66 151 10 256 3257
Q OVG 66 152 5 710 1617
Q OVG 67 153 3 1549 4078
Q OVC 67 154 8 1379 3099
Q OVG 67 155 3 1498 3423
Q OVN 67 156 4 1413 1936
X 67 12
X 68 37
Q OVN 69 157 7 678 2912
Q OVC 69 158 3 413 514
X 69 140
Q OVN 70 159 10 851 765
Q OVC 70 160 3 1283 3106
X 70 158
X 70 69
Q OVN 71 161 10 502 1352
Q OVN 71 162 8 338 3212
Q OVG 71 163 2 537 3341
Q OVN 72 164 6 393 1226
Q OVC 72 165 6 964 593
Q OVC 72 166 5 479 2544
Q OVC 72 167 2 767 2602
X 72 23
Q OVN 73 168 2 1525 510
Q OVG 73 169 1 840 4089
Q OVN 74 170 7 390 3891
Q OVN 74 171 8 1855 3602
Q OVG 74 172 6 1168 3574
Q OVC 75 173 2 1747 4427
Q OVN 75 174 10 1383 2347
X 75 57
Q OVG 76 175 3 974 1103
Q OVC 76 176 1 653 664
Q OVN 77 177 6 584 1357
Q OT 77 178 2 750
Q OVN 77 179 3 1868 3575
Q OVG 77 180 3 1549 1114
Q OVN 77 181 9 1978 1262
Q OVC 77 182 6 1266 4454
Q OVN 78 183 1 933 1851
Q ODN 79 184 10 1872 7 20 Y
Q OVN 79 185 2 728 2183
Q OVG 80 186 4 888 4924
Q OVN 81 187 5 1402 2806
Q OVN 82 188 5 536 1285
Q ODN 82 189 1 854 8 19 Y
Q OVN 82 190 6 57 4002
Q OVN 83 191 2 653 4434
Q OVN 83 192 4 248 710
Q OVG 83 193 4 399 2890
Q OVN 83 194 2 1019 1446
X 83 137
Q OVG 84 195 5 1657 3756
Q OVG 85 196 8 1051 2670
Q OVN 85 197 2 1364 4957
Q OVC 86 198 7 428 3539
X 86 160
Q OVN 87 199 7 806 2028
Q OVN 87 200 8 141 2656
Q OVG 87 201 8 1002 2657
Q OVN 87 202 4 1764 2700
Q OVG 88 203 10 176 1738
Q OVG 88 204 2 225 3316
Q ODG 89 205 9 897 4 45 Y
Q OVC 89 206 7 1726 4780
Q OVN 89 207 7 1146 4389
Q OVN 89 208 10 1855 2430
Q OVN 89 209 8 662 1146
Q OVG 89 210 7 1898 784
Q OVN 90 211 9 1219 4733
Q OVN 90 212 10 1437 1707
Q OVG 91 213 2 1994 4178
Q OVN 91 214 3 1993 1869
Q OVG 92 215 4 1705 2078
Q OVG 93 216 3 137 3968
Q OVN 93 217 2 1449 4066
Q ODG 93 218 4 1734 3 48 N
Q OVN 94 219 6 1915 1048
Q OVC 94 220 2 844 3755
Q OVN 95 221 9 717 2762
Q OVG 95 222 9 988 601
Q OVC 96 223 10 1253 4780
Q OVG 97 224 7 280 3895
Q OVC 98 225 3 353 1320
Q OVN 99 226 2 1202 1327
Q OVC 99 227 5 1826 4887
Q OVG 99 228 6 1847 3866
X 99 227
Q OVG 100 229 5 834 4477
X 100 206
